109,100,1,0
109,101,2,0
109,102,3,0
109,103,4,0
109,104,5,0
109,105,6,0
109,262,7,0
109,106,8,0
109,107,9,0
109,108,10,0
109,109,11,0
109,110,12,0
109,111,13,0
109,112,14,0
109,113,15,0
109,114,16,0
109,115,17,0
109,116,18,0
109,117,19,0
109,118,20,0
109,119,21,0
109,120,22,0
109,263,23,0
109,122,24,0
109,123,25,0
109,124,26,0
109,125,27,0
109,126,28,0
109,127,29,0
109,128,30,0
109,270,31,0
109,129,32,0
109,130,33,0
109,131,34,0
109,132,35,0
109,133,36,0
109,134,37,0
109,135,38,0
109,136,39,0
109,137,40,0
109,138,41,0
109,139,42,0
109,140,43,0
109,141,44,0
109,142,45,0
109,143,46,0
109,144,47,0
109,49,48,0
109,145,49,0
109,146,50,0
109,147,51,0
109,148,52,0
109,149,53,0
109,150,54,0
109,267,55,0
109,151,56,0
109,152,57,0
109,153,58,0
109,198,59,0
109,199,60,0
109,272,61,0
109,201,62,0
109,32,63,0
109,33,64,0
109,34,65,0
109,202,66,0
109,203,67,0
109,193,68,0
109,157,69,0
109,158,70,0
109,159,71,0
109,160,72,0
109,161,73,0
109,162,74,0
109,163,75,0
109,164,76,0
109,165,77,0
109,166,78,0
109,167,79,0
109,168,80,0
109,169,81,0
109,170,82,0
109,171,83,0
109,172,84,0
109,173,85,0
109,174,86,0
109,175,87,0
109,176,88,0
109,177,89,0
109,178,90,0
109,179,91,0
109,180,92,0
109,181,93,0
109,182,94,0
109,273,95,0
109,183,96,0
109,184,97,0
109,185,98,0
109,186,99,0
109,187,100,0
109,188,101,0
109,189,102,0
109,190,103,0
109,191,104,0
109,275,105,0
109,259,106,0
109,276,107,0
109,192,108,0
109,261,109,0
109,277,110,0
109,0,111,0
109,1,112,0
109,2,113,0
109,3,114,0
109,4,115,0
109,5,116,0
109,6,117,0
109,7,118,0
109,8,119,0
109,9,120,0
109,10,121,0
109,11,122,0
109,12,123,0
109,13,124,0
109,14,125,0
109,15,126,0
109,16,127,0
109,17,128,0
109,18,129,0
109,19,130,0
109,20,131,0
109,21,132,0
109,22,133,0
109,23,134,0
109,24,135,0
109,25,136,0
109,26,137,0
109,27,138,0
109,28,139,0
109,29,140,0
109,30,141,0
109,31,142,0
109,35,143,0
109,37,144,0
109,38,145,0
109,268,146,0
109,39,147,0
109,40,148,0
109,41,149,0
109,42,150,0
109,43,151,0
109,44,152,0
109,45,153,0
109,46,154,0
109,47,155,0
109,48,156,0
109,260,157,0
109,50,158,0
109,51,159,0
109,52,160,0
109,53,161,0
109,54,162,0
109,55,163,0
109,56,164,0
109,57,165,0
109,58,166,0
109,59,167,0
109,60,168,0
109,61,169,0
109,62,170,0
109,63,171,0
109,64,172,0
109,65,173,0
109,66,174,0
109,67,175,0
109,68,176,0
109,69,177,0
109,70,178,0
109,71,179,0
109,72,180,0
109,73,181,0
109,74,182,0
109,75,183,0
109,76,184,0
109,77,185,0
109,78,186,0
109,79,187,0
109,80,188,0
109,81,189,0
109,82,190,0
109,83,191,0
109,84,192,0
109,282,193,0
109,85,194,0
109,86,195,0
109,87,196,0
109,88,197,0
109,89,198,0
109,90,199,0
109,91,200,0
109,92,201,0
109,93,202,0
109,94,203,0
109,95,204,0
109,96,205,0
109,97,206,0
109,98,207,0
109,99,208,1
209,100,1,0
209,101,2,0
209,102,3,0
209,103,4,0
209,104,5,0
209,105,6,0
209,262,7,0
209,106,8,0
209,107,9,0
209,108,10,0
209,109,11,0
209,110,12,0
209,111,13,0
209,112,14,0
209,113,15,0
209,114,16,0
209,115,17,0
209,116,18,0
209,117,19,0
209,118,20,0
209,119,21,0
209,120,22,0
209,263,23,0
209,122,24,0
209,123,25,0
209,124,26,0
209,125,27,0
209,126,28,0
209,127,29,0
209,128,30,0
209,270,31,0
209,129,32,0
209,130,33,0
209,131,34,0
209,132,35,0
209,133,36,0
209,134,37,0
209,135,38,0
209,136,39,0
209,137,40,0
209,138,41,0
209,139,42,0
209,140,43,0
209,141,44,0
209,142,45,0
209,143,46,0
209,144,47,0
209,49,48,0
209,204,49,0
209,205,50,0
209,206,51,0
209,207,52,0
209,208,53,0
209,209,54,0
209,271,55,0
209,210,56,0
209,211,57,0
209,212,58,0
209,213,59,0
209,214,60,0
209,215,61,0
209,216,62,0
209,217,63,0
209,218,64,0
209,219,65,0
209,220,66,0
209,266,67,0
209,222,68,0
209,223,69,0
209,152,70,0
209,153,71,0
209,198,72,0
209,199,73,0
209,272,74,0
209,200,75,0
209,201,76,0
209,202,77,0
209,203,78,0
209,193,79,0
209,157,80,0
209,158,81,0
209,159,82,0
209,160,83,0
209,161,84,0
209,244,85,0
209,274,86,0
209,245,87,0
209,246,88,0
209,269,89,0
209,247,90,0
209,248,91,0
209,249,92,0
209,250,93,0
209,251,94,0
209,252,95,0
209,253,96,0
209,254,97,0
209,255,98,0
209,5,99,0
209,6,100,0
209,7,101,0
209,8,102,0
209,9,103,0
209,10,104,0
209,11,105,0
209,12,106,0
209,13,107,0
209,14,108,0
209,15,109,0
209,16,110,0
209,17,111,0
209,18,112,0
209,19,113,0
209,20,114,0
209,21,115,0
209,22,116,0
209,23,117,0
209,24,118,0
209,25,119,0
209,26,120,0
209,27,121,0
209,28,122,0
209,29,123,0
209,30,124,0
209,31,125,0
209,32,126,0
209,33,127,0
209,34,128,0
209,35,129,0
209,36,130,0
209,37,131,0
209,38,132,0
209,278,133,0
209,268,134,0
209,39,135,0
209,40,136,0
209,224,137,0
209,225,138,0
209,279,139,0
209,227,140,0
209,228,141,0
209,229,142,0
209,230,143,0
209,231,144,0
209,232,145,0
209,233,146,0
209,234,147,0
209,235,148,0
209,236,149,0
209,280,150,0
209,237,151,0
209,238,152,0
209,239,153,0
209,240,154,0
209,241,155,0
209,242,156,0
209,281,157,0
209,243,158,0
209,260,159,0
209,50,160,0
209,51,161,0
209,52,162,0
209,53,163,0
209,54,164,0
209,55,165,0
209,56,166,0
209,57,167,0
209,58,168,0
209,59,169,0
209,60,170,0
209,61,171,0
209,62,172,0
209,63,173,0
209,64,174,0
209,65,175,0
209,66,176,0
209,67,177,0
209,68,178,0
209,69,179,0
209,70,180,0
209,71,181,0
209,72,182,0
209,73,183,0
209,74,184,0
209,75,185,0
209,76,186,0
209,77,187,0
209,78,188,0
209,79,189,0
209,80,190,0
209,81,191,0
209,82,192,0
209,83,193,0
209,84,194,0
209,282,195,0
209,85,196,0
209,86,197,0
209,87,198,0
209,88,199,0
209,89,200,0
209,90,201,0
209,91,202,0
209,92,203,0
209,93,204,0
209,94,205,0
209,95,206,0
209,96,207,0
209,97,208,0
209,98,209,0
209,99,210,1
309,259,1,0
309,276,2,0
309,261,3,0
309,277,4,0
309,0,5,0
309,1,6,0
309,2,7,0
309,3,8,0
309,4,9,0
309,5,10,0
309,6,11,0
309,7,12,0
309,8,13,0
309,9,14,0
309,10,15,0
309,11,16,0
309,12,17,0
309,13,18,0
309,14,19,0
309,15,20,0
309,16,21,0
309,17,22,0
309,18,23,0
309,19,24,0
309,20,25,0
309,21,26,0
309,22,27,0
309,23,28,0
309,24,29,0
309,25,30,0
309,26,31,0
309,27,32,0
309,28,33,0
309,29,34,0
309,30,35,0
309,31,36,0
309,32,37,0
309,33,38,0
309,34,39,0
309,35,40,0
309,36,41,0
309,37,42,0
309,38,43,0
309,278,44,0
309,268,45,0
309,39,46,0
309,40,47,0
309,226,48,0
309,227,49,0
309,228,50,0
309,256,51,0
309,257,52,0
309,258,53,0
309,43,54,0
309,44,55,0
309,45,56,0
309,46,57,0
309,47,58,0
309,48,59,0
309,260,60,0
309,50,61,0
309,51,62,0
309,52,63,0
309,53,64,0
309,54,65,0
309,55,66,0
309,56,67,0
309,57,68,0
309,58,69,0
309,59,70,0
309,60,71,0
309,61,72,0
309,62,73,0
309,63,74,0
309,64,75,0
309,65,76,0
309,66,77,0
309,67,78,0
309,68,79,0
309,69,80,0
309,70,81,0
309,71,82,0
309,72,83,0
309,73,84,0
309,74,85,0
309,75,86,0
309,76,87,0
309,77,88,0
309,78,89,0
309,79,90,0
309,80,91,0
309,81,92,0
309,82,93,0
309,83,94,0
309,84,95,0
309,282,96,0
309,85,97,0
309,86,98,0
309,87,99,0
309,88,100,0
309,89,101,0
309,90,102,0
309,91,103,0
309,92,104,0
309,93,105,0
309,94,106,0
309,95,107,0
309,96,108,0
309,97,109,0
309,98,110,0
309,99,111,0
309,100,112,0
309,101,113,0
309,102,114,0
309,103,115,0
309,104,116,0
309,105,117,0
309,262,118,0
309,106,119,0
309,107,120,0
309,108,121,0
309,109,122,0
309,110,123,0
309,111,124,0
309,112,125,0
309,113,126,0
309,114,127,0
309,115,128,0
309,116,129,0
309,117,130,0
309,118,131,0
309,119,132,0
309,120,133,0
309,263,134,0
309,122,135,0
309,123,136,0
309,124,137,0
309,125,138,0
309,126,139,0
309,127,140,0
309,128,141,0
309,270,142,0
309,129,143,0
309,130,144,0
309,131,145,0
309,132,146,0
309,133,147,0
309,134,148,0
309,135,149,0
309,136,150,0
309,137,151,0
309,138,152,0
309,139,153,0
309,140,154,0
309,141,155,0
309,142,156,0
309,143,157,0
309,144,158,0
309,49,159,0
309,145,160,0
309,146,161,0
309,147,162,0
309,148,163,0
309,149,164,0
309,150,165,0
309,283,166,0
309,284,167,0
309,221,168,0
309,152,169,0
309,153,170,0
309,198,171,0
309,199,172,0
309,272,173,0
309,200,174,0
309,201,175,0
309,202,176,0
309,203,177,0
309,193,178,0
309,157,179,0
309,158,180,0
309,159,181,0
309,160,182,0
309,161,183,0
309,244,184,0
309,245,185,0
309,246,186,0
309,247,187,0
309,248,188,0
309,249,189,0
309,250,190,0
309,251,191,0
309,252,192,0
309,253,193,0
309,254,194,0
309,255,195,0
309,185,196,0
309,186,197,0
309,187,198,0
309,188,199,0
309,189,200,0
309,190,201,0
309,191,202,0
309,275,203,0
309,192,204,1
