109,259,1,0
109,276,2,0
109,261,3,0
109,277,4,0
109,0,5,0
109,1,6,0
109,2,7,0
109,3,8,0
109,4,9,0
109,5,10,0
109,6,11,0
109,7,12,0
109,8,13,0
109,9,14,0
109,10,15,0
109,11,16,0
109,12,17,0
109,13,18,0
109,14,19,0
109,15,20,0
109,16,21,0
109,17,22,0
109,18,23,0
109,19,24,0
109,20,25,0
109,21,26,0
109,22,27,0
109,23,28,0
109,24,29,0
109,25,30,0
109,26,31,0
109,27,32,0
109,28,33,0
109,29,34,0
109,30,35,0
109,31,36,0
109,32,37,0
109,33,38,0
109,34,39,0
109,202,40,0
109,203,41,0
109,193,42,0
109,35,43,0
109,37,44,0
109,38,45,0
109,268,46,0
109,39,47,0
109,40,48,0
109,41,49,0
109,42,50,0
109,43,51,0
109,44,52,0
109,45,53,0
109,46,54,0
109,47,55,0
109,48,56,0
109,260,57,0
109,50,58,0
109,51,59,0
109,52,60,0
109,53,61,0
109,54,62,0
109,55,63,0
109,56,64,0
109,57,65,0
109,58,66,0
109,59,67,0
109,60,68,0
109,61,69,0
109,62,70,0
109,63,71,0
109,64,72,0
109,65,73,0
109,66,74,0
109,67,75,0
109,68,76,0
109,69,77,0
109,70,78,0
109,71,79,0
109,72,80,0
109,73,81,0
109,74,82,0
109,75,83,0
109,76,84,0
109,77,85,0
109,78,86,0
109,79,87,0
109,80,88,0
109,81,89,0
109,82,90,0
109,83,91,0
109,84,92,0
109,282,93,0
109,85,94,0
109,86,95,0
109,87,96,0
109,88,97,0
109,89,98,0
109,90,99,0
109,91,100,0
109,92,101,0
109,93,102,0
109,94,103,0
109,95,104,0
109,96,105,0
109,97,106,0
109,98,107,0
109,99,108,0
109,100,109,0
109,101,110,0
109,102,111,0
109,103,112,0
109,104,113,0
109,105,114,0
109,262,115,0
109,106,116,0
109,107,117,0
109,108,118,0
109,109,119,0
109,110,120,0
109,111,121,0
109,112,122,0
109,113,123,0
109,114,124,0
109,115,125,0
109,116,126,0
109,117,127,0
109,118,128,0
109,119,129,0
109,120,130,0
109,263,131,0
109,122,132,0
109,123,133,0
109,124,134,0
109,125,135,0
109,126,136,0
109,127,137,0
109,128,138,0
109,270,139,0
109,129,140,0
109,130,141,0
109,131,142,0
109,132,143,0
109,133,144,0
109,134,145,0
109,135,146,0
109,136,147,0
109,137,148,0
109,138,149,0
109,139,150,0
109,140,151,0
109,141,152,0
109,142,153,0
109,143,154,0
109,144,155,0
109,49,156,0
109,145,157,0
109,146,158,0
109,147,159,0
109,148,160,0
109,149,161,0
109,150,162,0
109,267,163,0
109,151,164,0
109,152,165,0
109,153,166,0
109,198,167,0
109,199,168,0
109,272,169,0
109,201,170,0
109,157,171,0
109,158,172,0
109,159,173,0
109,160,174,0
109,161,175,0
109,162,176,0
109,163,177,0
109,164,178,0
109,165,179,0
109,166,180,0
109,167,181,0
109,168,182,0
109,169,183,0
109,170,184,0
109,171,185,0
109,172,186,0
109,173,187,0
109,174,188,0
109,175,189,0
109,176,190,0
109,177,191,0
109,178,192,0
109,179,193,0
109,180,194,0
109,181,195,0
109,182,196,0
109,273,197,0
109,183,198,0
109,184,199,0
109,185,200,0
109,186,201,0
109,187,202,0
109,188,203,0
109,189,204,0
109,190,205,0
109,191,206,0
109,275,207,0
109,192,208,1
209,100,1,0
209,101,2,0
209,102,3,0
209,103,4,0
209,104,5,0
209,105,6,0
209,262,7,0
209,106,8,0
209,107,9,0
209,108,10,0
209,109,11,0
209,110,12,0
209,111,13,0
209,112,14,0
209,113,15,0
209,114,16,0
209,115,17,0
209,116,18,0
209,117,19,0
209,118,20,0
209,119,21,0
209,120,22,0
209,263,23,0
209,122,24,0
209,123,25,0
209,124,26,0
209,125,27,0
209,126,28,0
209,127,29,0
209,128,30,0
209,270,31,0
209,129,32,0
209,130,33,0
209,131,34,0
209,132,35,0
209,133,36,0
209,134,37,0
209,135,38,0
209,136,39,0
209,137,40,0
209,138,41,0
209,139,42,0
209,140,43,0
209,141,44,0
209,142,45,0
209,143,46,0
209,144,47,0
209,49,48,0
209,204,49,0
209,205,50,0
209,206,51,0
209,207,52,0
209,208,53,0
209,209,54,0
209,271,55,0
209,210,56,0
209,211,57,0
209,212,58,0
209,213,59,0
209,214,60,0
209,215,61,0
209,216,62,0
209,217,63,0
209,218,64,0
209,219,65,0
209,220,66,0
209,266,67,0
209,222,68,0
209,223,69,0
209,152,70,0
209,153,71,0
209,198,72,0
209,199,73,0
209,272,74,0
209,200,75,0
209,201,76,0
209,202,77,0
209,203,78,0
209,193,79,0
209,157,80,0
209,158,81,0
209,159,82,0
209,160,83,0
209,161,84,0
209,244,85,0
209,274,86,0
209,245,87,0
209,246,88,0
209,269,89,0
209,247,90,0
209,248,91,0
209,249,92,0
209,250,93,0
209,251,94,0
209,252,95,0
209,253,96,0
209,254,97,0
209,255,98,0
209,5,99,0
209,6,100,0
209,7,101,0
209,8,102,0
209,9,103,0
209,10,104,0
209,11,105,0
209,12,106,0
209,13,107,0
209,14,108,0
209,15,109,0
209,16,110,0
209,17,111,0
209,18,112,0
209,19,113,0
209,20,114,0
209,21,115,0
209,22,116,0
209,23,117,0
209,24,118,0
209,25,119,0
209,26,120,0
209,27,121,0
209,28,122,0
209,29,123,0
209,30,124,0
209,31,125,0
209,32,126,0
209,33,127,0
209,34,128,0
209,35,129,0
209,36,130,0
209,37,131,0
209,38,132,0
209,278,133,0
209,268,134,0
209,39,135,0
209,40,136,0
209,224,137,0
209,225,138,0
209,279,139,0
209,227,140,0
209,228,141,0
209,229,142,0
209,230,143,0
209,231,144,0
209,232,145,0
209,233,146,0
209,234,147,0
209,235,148,0
209,236,149,0
209,280,150,0
209,237,151,0
209,238,152,0
209,239,153,0
209,240,154,0
209,241,155,0
209,242,156,0
209,281,157,0
209,243,158,0
209,260,159,0
209,50,160,0
209,51,161,0
209,52,162,0
209,53,163,0
209,54,164,0
209,55,165,0
209,56,166,0
209,57,167,0
209,58,168,0
209,59,169,0
209,60,170,0
209,61,171,0
209,62,172,0
209,63,173,0
209,64,174,0
209,65,175,0
209,66,176,0
209,67,177,0
209,68,178,0
209,69,179,0
209,70,180,0
209,71,181,0
209,72,182,0
209,73,183,0
209,74,184,0
209,75,185,0
209,76,186,0
209,77,187,0
209,78,188,0
209,79,189,0
209,80,190,0
209,81,191,0
209,82,192,0
209,83,193,0
209,84,194,0
209,282,195,0
209,85,196,0
209,86,197,0
209,87,198,0
209,88,199,0
209,89,200,0
209,90,201,0
209,91,202,0
209,92,203,0
209,93,204,0
209,94,205,0
209,95,206,0
209,96,207,0
209,97,208,0
209,98,209,0
209,99,210,1
309,100,1,0
309,101,2,0
309,102,3,0
309,103,4,0
309,104,5,0
309,105,6,0
309,262,7,0
309,106,8,0
309,107,9,0
309,108,10,0
309,109,11,0
309,110,12,0
309,111,13,0
309,112,14,0
309,113,15,0
309,114,16,0
309,115,17,0
309,116,18,0
309,117,19,0
309,118,20,0
309,119,21,0
309,120,22,0
309,263,23,0
309,122,24,0
309,123,25,0
309,124,26,0
309,125,27,0
309,126,28,0
309,127,29,0
309,128,30,0
309,270,31,0
309,129,32,0
309,130,33,0
309,131,34,0
309,132,35,0
309,133,36,0
309,134,37,0
309,135,38,0
309,136,39,0
309,137,40,0
309,138,41,0
309,139,42,0
309,140,43,0
309,141,44,0
309,142,45,0
309,143,46,0
309,144,47,0
309,49,48,0
309,145,49,0
309,146,50,0
309,147,51,0
309,148,52,0
309,149,53,0
309,150,54,0
309,283,55,0
309,284,56,0
309,221,57,0
309,152,58,0
309,153,59,0
309,198,60,0
309,199,61,0
309,272,62,0
309,200,63,0
309,201,64,0
309,202,65,0
309,203,66,0
309,193,67,0
309,157,68,0
309,158,69,0
309,159,70,0
309,160,71,0
309,161,72,0
309,244,73,0
309,245,74,0
309,246,75,0
309,247,76,0
309,248,77,0
309,249,78,0
309,250,79,0
309,251,80,0
309,252,81,0
309,253,82,0
309,254,83,0
309,255,84,0
309,185,85,0
309,186,86,0
309,187,87,0
309,188,88,0
309,189,89,0
309,190,90,0
309,191,91,0
309,275,92,0
309,259,93,0
309,276,94,0
309,192,95,0
309,261,96,0
309,277,97,0
309,0,98,0
309,1,99,0
309,2,100,0
309,3,101,0
309,4,102,0
309,5,103,0
309,6,104,0
309,7,105,0
309,8,106,0
309,9,107,0
309,10,108,0
309,11,109,0
309,12,110,0
309,13,111,0
309,14,112,0
309,15,113,0
309,16,114,0
309,17,115,0
309,18,116,0
309,19,117,0
309,20,118,0
309,21,119,0
309,22,120,0
309,23,121,0
309,24,122,0
309,25,123,0
309,26,124,0
309,27,125,0
309,28,126,0
309,29,127,0
309,30,128,0
309,31,129,0
309,32,130,0
309,33,131,0
309,34,132,0
309,35,133,0
309,36,134,0
309,37,135,0
309,38,136,0
309,278,137,0
309,268,138,0
309,39,139,0
309,40,140,0
309,226,141,0
309,227,142,0
309,228,143,0
309,256,144,0
309,257,145,0
309,258,146,0
309,43,147,0
309,44,148,0
309,45,149,0
309,46,150,0
309,47,151,0
309,48,152,0
309,260,153,0
309,50,154,0
309,51,155,0
309,52,156,0
309,53,157,0
309,54,158,0
309,55,159,0
309,56,160,0
309,57,161,0
309,58,162,0
309,59,163,0
309,60,164,0
309,61,165,0
309,62,166,0
309,63,167,0
309,64,168,0
309,65,169,0
309,66,170,0
309,67,171,0
309,68,172,0
309,69,173,0
309,70,174,0
309,71,175,0
309,72,176,0
309,73,177,0
309,74,178,0
309,75,179,0
309,76,180,0
309,77,181,0
309,78,182,0
309,79,183,0
309,80,184,0
309,81,185,0
309,82,186,0
309,83,187,0
309,84,188,0
309,282,189,0
309,85,190,0
309,86,191,0
309,87,192,0
309,88,193,0
309,89,194,0
309,90,195,0
309,91,196,0
309,92,197,0
309,93,198,0
309,94,199,0
309,95,200,0
309,96,201,0
309,97,202,0
309,98,203,0
309,99,204,1
