1000000,32,1,0
1000000,33,2,0
1000000,34,3,0
1000000,35,4,0
1000000,36,5,0
1000000,37,6,0
1000000,38,7,0
1000000,39,8,0
1000000,40,9,0
1000000,41,10,0
1000000,42,11,0
1000000,43,12,0
1000000,44,13,0
1000000,45,14,0
1000000,46,15,0
1000000,47,16,0
1000000,48,17,0
1000000,49,18,0
1000000,50,19,0
1000000,51,20,0
1000000,52,21,0
1000000,53,22,0
1000000,54,23,0
1000000,55,24,0
1000000,56,25,0
1000000,57,26,0
1000000,58,27,0
1000000,59,28,0
1000000,60,29,0
1000000,61,30,0
1000000,62,31,0
1000000,63,32,0
1000000,64,33,0
1000000,65,34,0
1000000,66,35,0
1000000,67,36,0
1000000,68,37,0
1000000,69,38,0
1000000,70,39,0
1000000,71,40,0
1000000,72,41,0
1000000,73,42,0
1000000,74,43,0
1000000,75,44,0
1000000,76,45,0
1000000,22,46,0
1000000,23,47,0
1000000,24,48,0
1000000,77,49,0
1000000,78,50,0
1000000,79,51,0
1000000,80,52,0
1000000,81,53,0
1000000,31,54,0
1000000,1,55,0
1000000,82,56,0
1000000,83,57,0
1000000,84,58,0
1000000,85,59,0
1000000,86,60,0
1000000,87,61,0
1000000,88,62,0
1000000,89,63,0
1000000,90,64,0
1000000,91,65,0
1000000,92,66,0
1000000,93,67,0
1000000,94,68,0
1000000,95,69,0
1000000,96,70,0
1000000,97,71,0
1000000,98,72,0
1000000,99,73,0
1000000,100,74,0
1000000,101,75,0
1000000,102,76,0
1000000,103,77,0
1000000,104,78,0
1000000,105,79,0
1000000,106,80,0
1000000,107,81,0
1000000,108,82,0
1000000,109,83,0
1000000,110,84,0
1000000,111,85,0
1000000,112,86,0
1000000,113,87,0
1000000,114,88,0
1000000,115,89,0
1000000,116,90,0
1000000,117,91,0
1000000,118,92,0
1000000,119,93,0
1000000,120,94,0
1000000,121,95,0
1000000,122,96,0
1000000,123,97,0
1000000,124,98,0
1000000,125,99,0
1000000,126,100,0
1000000,127,101,0
1000000,128,102,0
1000000,129,103,0
1000000,130,104,0
1000000,131,105,0
1000000,132,106,1
1000001,132,1,0
1000001,133,2,0
1000001,134,3,0
1000001,135,4,0
1000001,136,5,0
1000001,137,6,0
1000001,138,7,0
1000001,139,8,0
1000001,140,9,0
1000001,141,10,0
1000001,142,11,0
1000001,143,12,0
1000001,144,13,0
1000001,145,14,0
1000001,146,15,0
1000001,147,16,0
1000001,148,17,0
1000001,149,18,0
1000001,150,19,0
1000001,151,20,0
1000001,152,21,0
1000001,153,22,0
1000001,154,23,0
1000001,155,24,0
1000001,156,25,0
1000001,157,26,0
1000001,158,27,0
1000001,159,28,0
1000001,160,29,0
1000001,161,30,0
1000001,162,31,0
1000001,163,32,0
1000001,164,33,0
1000001,165,34,0
1000001,166,35,0
1000001,167,36,0
1000001,168,37,0
1000001,169,38,0
1000001,170,39,0
1000001,171,40,0
1000001,172,41,0
1000001,173,42,0
1000001,174,43,0
1000001,176,44,0
1000001,177,45,0
1000001,178,46,0
1000001,179,47,0
1000001,180,48,0
1000001,181,49,0
1000001,182,50,0
1000001,183,51,0
1000001,0,52,0
1000001,184,53,0
1000001,185,54,0
1000001,187,55,0
1000001,188,56,0
1000001,189,57,0
1000001,190,58,0
1000001,191,59,0
1000001,193,60,0
1000001,194,61,0
1000001,195,62,0
1000001,196,63,0
1000001,197,64,0
1000001,198,65,0
1000001,199,66,0
1000001,200,67,0
1000001,201,68,0
1000001,202,69,0
1000001,203,70,0
1000001,204,71,0
1000001,205,72,0
1000001,206,73,0
1000001,207,74,0
1000001,208,75,0
1000001,209,76,0
1000001,210,77,0
1000001,211,78,0
1000001,212,79,0
1000001,213,80,0
1000001,214,81,0
1000001,215,82,0
1000001,216,83,0
1000001,217,84,0
1000001,218,85,0
1000001,219,86,0
1000001,220,87,0
1000001,221,88,0
1000001,222,89,0
1000001,223,90,0
1000001,224,91,0
1000001,225,92,0
1000001,226,93,0
1000001,227,94,0
1000001,228,95,0
1000001,229,96,0
1000001,230,97,0
1000001,231,98,0
1000001,232,99,0
1000001,233,100,0
1000001,234,101,0
1000001,235,102,0
1000001,236,103,0
1000001,237,104,0
1000001,238,105,0
1000001,239,106,1
2000000,32,1,0
2000000,33,2,0
2000000,34,3,0
2000000,35,4,0
2000000,36,5,0
2000000,37,6,0
2000000,38,7,0
2000000,39,8,0
2000000,40,9,0
2000000,41,10,0
2000000,42,11,0
2000000,43,12,0
2000000,44,13,0
2000000,45,14,0
2000000,46,15,0
2000000,47,16,0
2000000,48,17,0
2000000,49,18,0
2000000,50,19,0
2000000,51,20,0
2000000,52,21,0
2000000,53,22,0
2000000,54,23,0
2000000,55,24,0
2000000,56,25,0
2000000,57,26,0
2000000,58,27,0
2000000,59,28,0
2000000,60,29,0
2000000,61,30,0
2000000,62,31,0
2000000,253,32,0
2000000,254,33,0
2000000,255,34,0
2000000,257,35,0
2000000,258,36,0
2000000,67,37,0
2000000,68,38,0
2000000,69,39,0
2000000,70,40,0
2000000,71,41,0
2000000,72,42,0
2000000,73,43,0
2000000,74,44,0
2000000,75,45,0
2000000,76,46,0
2000000,22,47,0
2000000,23,48,0
2000000,24,49,0
2000000,26,50,0
2000000,245,51,0
2000000,246,52,0
2000000,247,53,0
2000000,1,54,0
2000000,82,55,0
2000000,83,56,0
2000000,84,57,0
2000000,85,58,0
2000000,86,59,0
2000000,87,60,0
2000000,88,61,0
2000000,89,62,0
2000000,90,63,0
2000000,91,64,0
2000000,92,65,0
2000000,93,66,0
2000000,94,67,0
2000000,95,68,0
2000000,96,69,0
2000000,97,70,0
2000000,98,71,0
2000000,99,72,0
2000000,100,73,0
2000000,101,74,0
2000000,102,75,0
2000000,103,76,0
2000000,104,77,0
2000000,105,78,0
2000000,106,79,0
2000000,107,80,0
2000000,108,81,0
2000000,109,82,0
2000000,110,83,0
2000000,111,84,0
2000000,113,85,0
2000000,114,86,0
2000000,115,87,0
2000000,116,88,0
2000000,117,89,0
2000000,118,90,0
2000000,119,91,0
2000000,120,92,0
2000000,121,93,0
2000000,122,94,0
2000000,123,95,0
2000000,124,96,0
2000000,125,97,0
2000000,126,98,0
2000000,127,99,0
2000000,128,100,0
2000000,129,101,0
2000000,130,102,0
2000000,131,103,0
2000000,132,104,1
2000001,132,1,0
2000001,133,2,0
2000001,134,3,0
2000001,135,4,0
2000001,136,5,0
2000001,137,6,0
2000001,138,7,0
2000001,139,8,0
2000001,141,9,0
2000001,142,10,0
2000001,143,11,0
2000001,144,12,0
2000001,145,13,0
2000001,146,14,0
2000001,147,15,0
2000001,151,16,0
2000001,152,17,0
2000001,153,18,0
2000001,154,19,0
2000001,155,20,0
2000001,156,21,0
2000001,157,22,0
2000001,158,23,0
2000001,159,24,0
2000001,160,25,0
2000001,161,26,0
2000001,162,27,0
2000001,163,28,0
2000001,164,29,0
2000001,165,30,0
2000001,166,31,0
2000001,167,32,0
2000001,168,33,0
2000001,169,34,0
2000001,170,35,0
2000001,171,36,0
2000001,172,37,0
2000001,173,38,0
2000001,174,39,0
2000001,176,40,0
2000001,177,41,0
2000001,178,42,0
2000001,179,43,0
2000001,180,44,0
2000001,181,45,0
2000001,182,46,0
2000001,183,47,0
2000001,0,48,0
2000001,240,49,0
2000001,241,50,0
2000001,242,51,0
2000001,243,52,0
2000001,244,53,0
2000001,189,54,0
2000001,190,55,0
2000001,191,56,0
2000001,193,57,0
2000001,194,58,0
2000001,195,59,0
2000001,196,60,0
2000001,197,61,0
2000001,198,62,0
2000001,199,63,0
2000001,200,64,0
2000001,201,65,0
2000001,248,66,0
2000001,250,67,0
2000001,251,68,0
2000001,252,69,0
2000001,208,70,0
2000001,209,71,0
2000001,210,72,0
2000001,211,73,0
2000001,212,74,0
2000001,213,75,0
2000001,214,76,0
2000001,215,77,0
2000001,216,78,0
2000001,217,79,0
2000001,218,80,0
2000001,219,81,0
2000001,220,82,0
2000001,221,83,0
2000001,222,84,0
2000001,223,85,0
2000001,224,86,0
2000001,225,87,0
2000001,226,88,0
2000001,227,89,0
2000001,228,90,0
2000001,229,91,0
2000001,230,92,0
2000001,231,93,0
2000001,232,94,0
2000001,233,95,0
2000001,234,96,0
2000001,235,97,0
2000001,236,98,0
2000001,237,99,0
2000001,238,100,0
2000001,239,101,0
2000001,32,102,1
14000000,1,1,0
14000000,2,2,0
14000000,3,3,0
14000000,4,4,0
14000000,5,5,0
14000000,6,6,0
14000000,7,7,0
14000000,8,8,0
14000000,9,9,0
14000000,10,10,0
14000000,11,11,0
14000000,12,12,0
14000000,13,13,0
14000000,14,14,0
14000000,15,15,0
14000000,16,16,0
14000000,17,17,0
14000000,18,18,0
14000000,19,19,0
14000000,20,20,0
14000000,21,21,0
14000000,193,22,0
14000000,194,23,0
14000000,195,24,0
14000000,196,25,0
14000000,72,26,0
14000000,73,27,0
14000000,74,28,0
14000000,75,29,0
14000000,76,30,0
14000000,22,31,0
14000000,23,32,0
14000000,24,33,0
14000000,25,34,0
14000000,26,35,0
14000000,27,36,0
14000000,28,37,0
14000000,29,38,0
14000000,30,39,0
14000000,31,40,0
