10000,1000000,'+16782100+22757880',1,2
10000,1000000,'16782094',3,4,5,6,7,8,9,10,11,12,13,14,15,16,17,18
10000,1000001,'+16782100+22757880',19,20
10000,1000001,'16782094',21,22,23,24,25,26,27,28,29,30,31,32,33,34,35,36
20000,2000000,'17508038',37,38,39,40,41,42,43,44,45,46,47,48
20000,2000001,'17508038',49,50,51,52,53,54,55,56,57,58,59,60
140000,14000000,'+16782100+16782124',61,62,63,64,65,66,67,68,69,70,71,72,73
140000,14000000,'+16782100+22757880',74,75,76
140000,14000000,'+22757880+22757885',77,78,79,80,81,82,83,84,85,86
140000,14000000,'16782094',87,88,89,90,91,92,93,94,95,96,97,98,99,100,101,102,103,104
