103,259,1,0
103,276,2,0
103,261,3,0
103,277,4,0
103,0,5,0
103,1,6,0
103,2,7,0
103,3,8,0
103,4,9,0
103,5,10,0
103,6,11,0
103,7,12,0
103,8,13,0
103,9,14,0
103,10,15,0
103,11,16,0
103,12,17,0
103,13,18,0
103,14,19,0
103,15,20,0
103,16,21,0
103,17,22,0
103,18,23,0
103,19,24,0
103,20,25,0
103,21,26,0
103,22,27,0
103,23,28,0
103,24,29,0
103,25,30,0
103,26,31,0
103,27,32,0
103,285,33,0
103,28,34,0
103,29,35,0
103,30,36,0
103,31,37,0
103,32,38,0
103,33,39,0
103,34,40,0
103,202,41,0
103,203,42,0
103,193,43,0
103,35,44,0
103,37,45,0
103,38,46,0
103,268,47,0
103,39,48,0
103,40,49,0
103,41,50,0
103,42,51,0
103,43,52,0
103,44,53,0
103,45,54,0
103,46,55,0
103,47,56,0
103,48,57,0
103,260,58,0
103,50,59,0
103,51,60,0
103,52,61,0
103,53,62,0
103,54,63,0
103,55,64,0
103,56,65,0
103,57,66,0
103,58,67,0
103,59,68,0
103,60,69,0
103,61,70,0
103,62,71,0
103,63,72,0
103,64,73,0
103,65,74,0
103,66,75,0
103,67,76,0
103,68,77,0
103,69,78,0
103,70,79,0
103,71,80,0
103,72,81,0
103,73,82,0
103,74,83,0
103,75,84,0
103,76,85,0
103,77,86,0
103,78,87,0
103,79,88,0
103,80,89,0
103,81,90,0
103,82,91,0
103,83,92,0
103,84,93,0
103,282,94,0
103,85,95,0
103,86,96,0
103,87,97,0
103,88,98,0
103,89,99,0
103,90,100,0
103,91,101,0
103,92,102,0
103,93,103,0
103,94,104,0
103,95,105,0
103,96,106,0
103,97,107,0
103,98,108,0
103,99,109,0
103,100,110,1
104,100,1,0
104,101,2,0
104,102,3,0
104,103,4,0
104,104,5,0
104,105,6,0
104,262,7,0
104,106,8,0
104,107,9,0
104,108,10,0
104,109,11,0
104,110,12,0
104,111,13,0
104,112,14,0
104,113,15,0
104,114,16,0
104,115,17,0
104,116,18,0
104,117,19,0
104,118,20,0
104,119,21,0
104,120,22,0
104,263,23,0
104,122,24,0
104,123,25,0
104,124,26,0
104,125,27,0
104,126,28,0
104,127,29,0
104,128,30,0
104,270,31,0
104,129,32,0
104,130,33,0
104,131,34,0
104,132,35,0
104,133,36,0
104,134,37,0
104,135,38,0
104,136,39,0
104,137,40,0
104,138,41,0
104,139,42,0
104,140,43,0
104,141,44,0
104,142,45,0
104,143,46,0
104,144,47,0
104,49,48,0
104,145,49,0
104,146,50,0
104,147,51,0
104,148,52,0
104,149,53,0
104,150,54,0
104,267,55,0
104,151,56,0
104,152,57,0
104,153,58,0
104,198,59,0
104,199,60,0
104,272,61,0
104,201,62,0
104,32,63,0
104,33,64,0
104,34,65,0
104,202,66,0
104,203,67,0
104,193,68,0
104,157,69,0
104,158,70,0
104,159,71,0
104,160,72,0
104,161,73,0
104,162,74,0
104,163,75,0
104,164,76,0
104,165,77,0
104,166,78,0
104,167,79,0
104,168,80,0
104,169,81,0
104,170,82,0
104,171,83,0
104,172,84,0
104,173,85,0
104,174,86,0
104,175,87,0
104,176,88,0
104,177,89,0
104,178,90,0
104,179,91,0
104,180,92,0
104,181,93,0
104,182,94,0
104,273,95,0
104,183,96,0
104,184,97,0
104,185,98,0
104,186,99,0
104,187,100,0
104,188,101,0
104,189,102,0
104,190,103,0
104,191,104,0
104,275,105,0
104,192,106,0
104,259,107,1
203,5,1,0
203,6,2,0
203,7,3,0
203,8,4,0
203,9,5,0
203,10,6,0
203,11,7,0
203,12,8,0
203,13,9,0
203,14,10,0
203,15,11,0
203,16,12,0
203,17,13,0
203,18,14,0
203,19,15,0
203,20,16,0
203,21,17,0
203,22,18,0
203,23,19,0
203,24,20,0
203,25,21,0
203,26,22,0
203,27,23,0
203,285,24,0
203,28,25,0
203,29,26,0
203,30,27,0
203,31,28,0
203,32,29,0
203,33,30,0
203,34,31,0
203,35,32,0
203,36,33,0
203,37,34,0
203,38,35,0
203,278,36,0
203,268,37,0
203,39,38,0
203,40,39,0
203,224,40,0
203,225,41,0
203,279,42,0
203,227,43,0
203,228,44,0
203,229,45,0
203,230,46,0
203,231,47,0
203,232,48,0
203,233,49,0
203,234,50,0
203,235,51,0
203,236,52,0
203,280,53,0
203,237,54,0
203,238,55,0
203,239,56,0
203,240,57,0
203,241,58,0
203,242,59,0
203,281,60,0
203,243,61,0
203,260,62,0
203,50,63,0
203,51,64,0
203,52,65,0
203,53,66,0
203,54,67,0
203,55,68,0
203,56,69,0
203,57,70,0
203,58,71,0
203,59,72,0
203,60,73,0
203,61,74,0
203,62,75,0
203,63,76,0
203,64,77,0
203,65,78,0
203,66,79,0
203,67,80,0
203,68,81,0
203,69,82,0
203,70,83,0
203,71,84,0
203,72,85,0
203,73,86,0
203,74,87,0
203,75,88,0
203,76,89,0
203,77,90,0
203,78,91,0
203,79,92,0
203,80,93,0
203,81,94,0
203,82,95,0
203,83,96,0
203,84,97,0
203,282,98,0
203,85,99,0
203,86,100,0
203,87,101,0
203,88,102,0
203,89,103,0
203,90,104,0
203,91,105,0
203,92,106,0
203,93,107,0
203,94,108,0
203,95,109,0
203,96,110,0
203,97,111,0
203,98,112,0
203,99,113,0
203,100,114,1
204,100,1,0
204,101,2,0
204,102,3,0
204,103,4,0
204,104,5,0
204,105,6,0
204,262,7,0
204,106,8,0
204,107,9,0
204,108,10,0
204,109,11,0
204,110,12,0
204,111,13,0
204,112,14,0
204,113,15,0
204,114,16,0
204,115,17,0
204,116,18,0
204,117,19,0
204,118,20,0
204,119,21,0
204,120,22,0
204,263,23,0
204,122,24,0
204,123,25,0
204,124,26,0
204,125,27,0
204,126,28,0
204,127,29,0
204,128,30,0
204,270,31,0
204,129,32,0
204,130,33,0
204,131,34,0
204,132,35,0
204,133,36,0
204,134,37,0
204,135,38,0
204,136,39,0
204,137,40,0
204,138,41,0
204,139,42,0
204,140,43,0
204,141,44,0
204,142,45,0
204,143,46,0
204,144,47,0
204,49,48,0
204,204,49,0
204,205,50,0
204,206,51,0
204,207,52,0
204,208,53,0
204,209,54,0
204,271,55,0
204,210,56,0
204,211,57,0
204,212,58,0
204,213,59,0
204,214,60,0
204,215,61,0
204,216,62,0
204,217,63,0
204,218,64,0
204,219,65,0
204,220,66,0
204,266,67,0
204,222,68,0
204,223,69,0
204,152,70,0
204,153,71,0
204,198,72,0
204,199,73,0
204,272,74,0
204,200,75,0
204,201,76,0
204,202,77,0
204,203,78,0
204,193,79,0
204,157,80,0
204,158,81,0
204,159,82,0
204,160,83,0
204,161,84,0
204,244,85,0
204,274,86,0
204,245,87,0
204,246,88,0
204,269,89,0
204,247,90,0
204,248,91,0
204,249,92,0
204,250,93,0
204,251,94,0
204,252,95,0
204,253,96,0
204,254,97,0
204,255,98,0
204,5,99,1
303,259,1,0
303,276,2,0
303,261,3,0
303,277,4,0
303,0,5,0
303,1,6,0
303,2,7,0
303,3,8,0
303,4,9,0
303,5,10,0
303,6,11,0
303,7,12,0
303,8,13,0
303,9,14,0
303,10,15,0
303,11,16,0
303,12,17,0
303,13,18,0
303,14,19,0
303,15,20,0
303,16,21,0
303,17,22,0
303,18,23,0
303,19,24,0
303,20,25,0
303,21,26,0
303,22,27,0
303,23,28,0
303,24,29,0
303,25,30,0
303,26,31,0
303,27,32,0
303,285,33,0
303,28,34,0
303,29,35,0
303,30,36,0
303,31,37,0
303,32,38,0
303,33,39,0
303,34,40,0
303,35,41,0
303,36,42,0
303,37,43,0
303,38,44,0
303,278,45,0
303,268,46,0
303,39,47,0
303,40,48,0
303,226,49,0
303,227,50,0
303,228,51,0
303,256,52,0
303,257,53,0
303,258,54,0
303,43,55,0
303,44,56,0
303,45,57,0
303,46,58,0
303,47,59,0
303,48,60,0
303,260,61,0
303,50,62,0
303,51,63,0
303,52,64,0
303,53,65,0
303,54,66,0
303,55,67,0
303,56,68,0
303,57,69,0
303,58,70,0
303,59,71,0
303,60,72,0
303,61,73,0
303,62,74,0
303,63,75,0
303,64,76,0
303,65,77,0
303,66,78,0
303,67,79,0
303,68,80,0
303,69,81,0
303,70,82,0
303,71,83,0
303,72,84,0
303,73,85,0
303,74,86,0
303,75,87,0
303,76,88,0
303,77,89,0
303,78,90,0
303,79,91,0
303,80,92,0
303,81,93,0
303,82,94,0
303,83,95,0
303,84,96,0
303,282,97,0
303,85,98,0
303,86,99,0
303,87,100,0
303,88,101,0
303,89,102,0
303,90,103,0
303,91,104,0
303,92,105,0
303,93,106,0
303,94,107,0
303,95,108,0
303,96,109,0
303,97,110,0
303,98,111,0
303,99,112,0
303,100,113,1
304,100,1,0
304,101,2,0
304,102,3,0
304,103,4,0
304,104,5,0
304,105,6,0
304,262,7,0
304,106,8,0
304,107,9,0
304,108,10,0
304,109,11,0
304,110,12,0
304,111,13,0
304,112,14,0
304,113,15,0
304,114,16,0
304,115,17,0
304,116,18,0
304,117,19,0
304,118,20,0
304,119,21,0
304,120,22,0
304,263,23,0
304,122,24,0
304,123,25,0
304,124,26,0
304,125,27,0
304,126,28,0
304,127,29,0
304,128,30,0
304,270,31,0
304,129,32,0
304,130,33,0
304,131,34,0
304,132,35,0
304,133,36,0
304,134,37,0
304,135,38,0
304,136,39,0
304,137,40,0
304,138,41,0
304,139,42,0
304,140,43,0
304,141,44,0
304,142,45,0
304,143,46,0
304,144,47,0
304,49,48,0
304,145,49,0
304,146,50,0
304,147,51,0
304,148,52,0
304,149,53,0
304,150,54,0
304,283,55,0
304,284,56,0
304,221,57,0
304,152,58,0
304,153,59,0
304,198,60,0
304,199,61,0
304,272,62,0
304,200,63,0
304,201,64,0
304,202,65,0
304,203,66,0
304,193,67,0
304,157,68,0
304,158,69,0
304,159,70,0
304,160,71,0
304,161,72,0
304,244,73,0
304,245,74,0
304,246,75,0
304,247,76,0
304,248,77,0
304,249,78,0
304,250,79,0
304,251,80,0
304,252,81,0
304,253,82,0
304,254,83,0
304,255,84,0
304,185,85,0
304,186,86,0
304,187,87,0
304,188,88,0
304,189,89,0
304,190,90,0
304,191,91,0
304,275,92,0
304,192,93,0
304,259,94,1
